4702
9 2 9
9 2 4
10 24 9
10 51 8
10 24 4
10 51 5
12 17 6
12 62 2
12 17 4
12 62 3
17 26 2
17 26 4
22 66 1
22 66 4
26 59 3
26 69 6
26 59 4
26 69 3
28 79 3
29 58 8
28 79 6
29 58 7
31 33 9
31 33 7
35 6 8
35 6 3
38 5 6
38 5 7
39 9 4
39 9 6
44 79 3
44 91 2
44 79 2
44 91 6
46 48 8
46 73 2
46 48 1
46 73 3
48 82 5
49 16 5
48 82 2
49 16 2
51 7 8
51 43 2
51 7 7
51 43 3
52 49 7
52 49 4
54 40 1
54 40 2
55 45 9
55 45 5
57 11 3
57 11 2
58 76 6
59 62 6
58 76 2
59 62 8
61 29 8
61 93 5
61 29 7
61 93 1
63 29 8
63 29 6
66 12 7
66 12 5
71 94 2
71 94 1
74 49 9
74 78 6
75 34 6
74 49 7
74 78 3
76 15 6
75 34 3
76 15 1
81 41 7
81 41 8
84 19 4
84 42 7
85 4 6
85 8 4
84 19 8
84 42 1
85 93 3
85 4 7
85 8 5
86 76 8
85 93 8
87 36 1
86 76 9
87 88 2
87 36 4
87 88 3
90 43 7
90 43 1
98 85 1
98 85 8
0 0 4
0 1 4
0 4 4
0 6 4
0 8 4
0 9 4
0 10 4
0 13 4
0 17 4
0 18 4
0 20 4
0 21 4
0 22 4
0 23 4
0 25 4
0 26 4
0 27 4
0 28 4
0 29 4
0 30 4
0 31 4
0 33 4
0 34 4
0 37 4
0 38 4
0 39 4
0 41 4
0 42 4
0 43 4
0 45 4
0 47 4
0 51 4
0 52 4
0 53 4
0 54 4
0 56 4
0 57 4
0 58 4
0 59 4
0 62 4
0 63 4
0 64 4
0 65 4
0 66 4
0 67 4
0 71 4
0 72 4
0 73 4
0 79 4
0 80 4
0 81 4
0 83 4
0 84 4
0 85 4
0 86 4
0 88 4
0 90 4
0 91 4
0 94 4
0 95 4
0 96 4
0 97 4
0 98 4
0 99 4
1 0 4
1 2 4
1 5 4
1 15 4
1 18 4
1 23 4
1 26 4
1 27 4
1 29 4
1 31 4
1 34 4
1 36 4
1 37 4
1 38 4
1 41 4
1 44 4
1 45 4
1 47 4
1 48 4
1 50 4
1 52 4
1 53 4
1 54 4
1 55 4
1 58 4
1 62 4
1 63 4
1 64 4
1 65 4
1 66 4
1 67 4
1 68 4
1 73 4
1 76 4
1 77 4
1 78 4
1 79 4
1 82 4
1 83 4
1 84 4
1 85 4
1 87 4
1 89 4
1 93 4
1 94 4
1 96 4
1 97 4
1 99 4
2 0 4
2 2 4
2 3 4
2 7 4
2 10 4
2 11 4
2 12 4
2 15 4
2 17 4
2 18 4
2 19 4
2 22 4
2 24 4
2 27 4
2 28 4
2 33 4
2 34 4
2 36 4
2 48 4
2 49 4
2 52 4
2 53 4
2 54 4
2 62 4
2 63 4
2 64 4
2 66 4
2 69 4
2 71 4
2 72 4
2 75 4
2 76 4
2 78 4
2 81 4
2 89 4
2 91 4
2 92 4
2 93 4
2 95 4
2 96 4
2 97 4
2 99 4
3 0 4
3 2 4
3 6 4
3 7 4
3 10 4
3 11 4
3 13 4
3 18 4
3 23 4
3 27 4
3 28 4
3 29 4
3 31 4
3 33 4
3 49 4
3 50 4
3 54 4
3 55 4
3 58 4
3 60 4
3 63 4
3 65 4
3 69 4
3 71 4
3 72 4
3 75 4
3 76 4
3 77 4
3 78 4
3 80 4
3 81 4
3 83 4
3 84 4
3 86 4
3 92 4
3 93 4
3 95 4
3 96 4
3 98 4
3 99 4
4 0 4
4 2 4
4 15 4
4 18 4
4 19 4
4 23 4
4 28 4
4 29 4
4 30 4
4 31 4
4 34 4
4 38 4
4 40 4
4 41 4
4 44 4
4 49 4
4 50 4
4 51 4
4 52 4
4 57 4
4 58 4
4 61 4
4 62 4
4 63 4
4 67 4
4 70 4
4 77 4
4 79 4
4 83 4
4 84 4
4 85 4
4 86 4
4 87 4
4 90 4
4 91 4
4 93 4
4 94 4
4 95 4
4 96 4
5 0 4
5 1 4
5 4 4
5 7 4
5 8 4
5 11 4
5 14 4
5 17 4
5 18 4
5 22 4
5 24 4
5 25 4
5 30 4
5 32 4
5 33 4
5 37 4
5 38 4
5 40 4
5 41 4
5 42 4
5 44 4
5 49 4
5 54 4
5 56 4
5 57 4
5 58 4
5 59 4
5 60 4
5 61 4
5 62 4
5 65 4
5 66 4
5 70 4
5 73 4
5 77 4
5 80 4
5 81 4
5 83 4
5 87 4
5 90 4
5 94 4
5 96 4
5 97 4
5 99 4
6 0 4
6 1 4
6 4 4
6 5 4
6 6 4
6 7 4
6 8 4
6 12 4
6 18 4
6 20 4
6 21 4
6 22 4
6 31 4
6 32 4
6 38 4
6 39 4
6 40 4
6 44 4
6 50 4
6 53 4
6 54 4
6 55 4
6 58 4
6 61 4
6 64 4
6 65 4
6 66 4
6 68 4
6 69 4
6 70 4
6 71 4
6 72 4
6 73 4
6 76 4
6 77 4
6 80 4
6 81 4
6 82 4
6 90 4
6 92 4
6 93 4
6 94 4
6 95 4
6 96 4
6 99 4
7 0 4
7 1 4
7 2 4
7 6 4
7 9 4
7 10 4
7 11 4
7 15 4
7 16 4
7 17 4
7 18 4
7 19 4
7 20 4
7 23 4
7 24 4
7 26 4
7 29 4
7 37 4
7 38 4
7 40 4
7 41 4
7 45 4
7 47 4
7 48 4
7 50 4
7 51 4
7 53 4
7 54 4
7 55 4
7 57 4
7 59 4
7 60 4
7 64 4
7 65 4
7 67 4
7 70 4
7 73 4
7 76 4
7 79 4
7 81 4
7 87 4
7 88 4
7 93 4
7 97 4
7 98 4
8 0 4
8 1 4
8 2 4
8 4 4
8 7 4
8 8 4
8 10 4
8 11 4
8 12 4
8 14 4
8 15 4
8 17 4
8 19 4
8 20 4
8 24 4
8 25 4
8 26 4
8 33 4
8 38 4
8 39 4
8 41 4
8 46 4
8 47 4
8 50 4
8 53 4
8 54 4
8 57 4
8 58 4
8 59 4
8 61 4
8 62 4
8 65 4
8 69 4
8 70 4
8 71 4
8 74 4
8 76 4
8 77 4
8 78 4
8 79 4
8 85 4
8 88 4
8 89 4
8 90 4
8 91 4
8 95 4
8 97 4
8 98 4
8 99 4
9 0 4
9 4 4
9 5 4
9 6 4
9 8 4
9 11 4
9 12 4
9 13 4
9 15 4
9 16 4
9 18 4
9 19 4
9 23 4
9 26 4
9 27 4
9 28 4
9 30 4
9 31 4
9 35 4
9 36 4
9 38 4
9 40 4
9 45 4
9 46 4
9 49 4
9 50 4
9 53 4
9 55 4
9 57 4
9 60 4
9 63 4
9 65 4
9 71 4
9 74 4
9 75 4
9 76 4
9 77 4
9 79 4
9 81 4
9 82 4
9 84 4
9 85 4
9 88 4
9 90 4
9 91 4
9 92 4
9 93 4
9 96 4
9 97 4
9 98 4
9 99 4
10 0 4
10 1 4
10 3 4
10 5 4
10 6 4
10 9 4
10 18 4
10 19 4
10 20 4
10 21 4
10 22 4
10 26 4
10 27 4
10 29 4
10 30 4
10 32 4
10 34 4
10 35 4
10 39 4
10 40 4
10 41 4
10 42 4
10 43 4
10 45 4
10 46 4
10 47 4
10 48 4
10 50 4
10 53 4
10 55 4
10 57 4
10 61 4
10 65 4
10 67 4
10 68 4
10 70 4
10 71 4
10 72 4
10 74 4
10 75 4
10 76 4
10 77 4
10 78 4
10 79 4
10 80 4
10 81 4
10 82 4
10 83 4
10 84 4
10 87 4
10 89 4
10 90 4
10 91 4
10 93 4
10 96 4
10 97 4
11 0 4
11 4 4
11 5 4
11 7 4
11 9 4
11 10 4
11 12 4
11 13 4
11 14 4
11 17 4
11 18 4
11 19 4
11 20 4
11 21 4
11 22 4
11 23 4
11 24 4
11 27 4
11 28 4
11 29 4
11 31 4
11 34 4
11 36 4
11 37 4
11 38 4
11 40 4
11 43 4
11 46 4
11 49 4
11 51 4
11 52 4
11 53 4
11 57 4
11 58 4
11 60 4
11 61 4
11 62 4
11 63 4
11 64 4
11 65 4
11 71 4
11 73 4
11 78 4
11 80 4
11 82 4
11 83 4
11 87 4
11 89 4
11 94 4
11 95 4
11 96 4
11 99 4
12 0 4
12 2 4
12 3 4
12 4 4
12 6 4
12 10 4
12 13 4
12 15 4
12 20 4
12 22 4
12 24 4
12 27 4
12 29 4
12 31 4
12 36 4
12 44 4
12 47 4
12 55 4
12 57 4
12 58 4
12 59 4
12 65 4
12 71 4
12 72 4
12 73 4
12 74 4
12 75 4
12 76 4
12 78 4
12 80 4
12 86 4
12 87 4
12 89 4
12 90 4
12 92 4
12 94 4
12 98 4
12 99 4
13 0 4
13 7 4
13 11 4
13 17 4
13 21 4
13 27 4
13 28 4
13 29 4
13 31 4
13 32 4
13 33 4
13 39 4
13 41 4
13 42 4
13 43 4
13 47 4
13 48 4
13 49 4
13 50 4
13 52 4
13 57 4
13 58 4
13 62 4
13 63 4
13 64 4
13 65 4
13 66 4
13 68 4
13 69 4
13 70 4
13 71 4
13 72 4
13 74 4
13 76 4
13 79 4
13 80 4
13 81 4
13 82 4
13 83 4
13 84 4
13 86 4
13 88 4
13 89 4
13 90 4
13 91 4
13 98 4
14 0 4
14 1 4
14 3 4
14 4 4
14 8 4
14 12 4
14 13 4
14 14 4
14 16 4
14 20 4
14 26 4
14 27 4
14 30 4
14 31 4
14 34 4
14 35 4
14 36 4
14 39 4
14 40 4
14 41 4
14 47 4
14 49 4
14 50 4
14 53 4
14 54 4
14 57 4
14 58 4
14 60 4
14 62 4
14 64 4
14 65 4
14 69 4
14 70 4
14 72 4
14 75 4
14 77 4
14 78 4
14 82 4
14 84 4
14 87 4
14 88 4
14 89 4
14 92 4
14 93 4
14 94 4
14 95 4
14 97 4
14 98 4
15 0 4
15 1 4
15 3 4
15 4 4
15 6 4
15 9 4
15 10 4
15 13 4
15 15 4
15 18 4
15 25 4
15 28 4
15 33 4
15 34 4
15 35 4
15 36 4
15 38 4
15 40 4
15 43 4
15 47 4
15 52 4
15 53 4
15 56 4
15 57 4
15 59 4
15 60 4
15 62 4
15 63 4
15 64 4
15 65 4
15 66 4
15 68 4
15 71 4
15 73 4
15 76 4
15 77 4
15 78 4
15 86 4
15 89 4
15 90 4
15 92 4
15 93 4
15 95 4
15 96 4
15 97 4
15 99 4
16 1 4
16 4 4
16 5 4
16 7 4
16 10 4
16 13 4
16 14 4
16 17 4
16 18 4
16 19 4
16 22 4
16 23 4
16 24 4
16 25 4
16 28 4
16 29 4
16 30 4
16 35 4
16 36 4
16 39 4
16 40 4
16 43 4
16 49 4
16 50 4
16 53 4
16 54 4
16 56 4
16 57 4
16 58 4
16 59 4
16 60 4
16 62 4
16 64 4
16 65 4
16 67 4
16 68 4
16 69 4
16 70 4
16 71 4
16 74 4
16 75 4
16 79 4
16 80 4
16 82 4
16 84 4
16 85 4
16 86 4
16 88 4
16 90 4
16 91 4
16 93 4
16 94 4
16 95 4
16 96 4
16 97 4
16 99 4
17 0 4
17 2 4
17 3 4
17 11 4
17 12 4
17 14 4
17 18 4
17 23 4
17 29 4
17 30 4
17 33 4
17 35 4
17 37 4
17 38 4
17 39 4
17 40 4
17 41 4
17 42 4
17 43 4
17 48 4
17 49 4
17 55 4
17 61 4
17 62 4
17 64 4
17 65 4
17 67 4
17 73 4
17 74 4
17 78 4
17 80 4
17 81 4
17 82 4
17 83 4
17 88 4
17 90 4
17 95 4
17 99 4
18 0 4
18 3 4
18 4 4
18 5 4
18 6 4
18 8 4
18 9 4
18 10 4
18 11 4
18 15 4
18 16 4
18 18 4
18 23 4
18 25 4
18 26 4
18 27 4
18 29 4
18 33 4
18 34 4
18 36 4
18 37 4
18 40 4
18 42 4
18 43 4
18 44 4
18 45 4
18 46 4
18 48 4
18 49 4
18 50 4
18 52 4
18 54 4
18 55 4
18 57 4
18 66 4
18 67 4
18 70 4
18 73 4
18 74 4
18 75 4
18 78 4
18 80 4
18 82 4
18 83 4
18 84 4
18 87 4
18 89 4
18 91 4
18 94 4
18 95 4
18 99 4
19 0 4
19 1 4
19 2 4
19 3 4
19 9 4
19 12 4
19 13 4
19 15 4
19 17 4
19 18 4
19 19 4
19 20 4
19 21 4
19 22 4
19 23 4
19 25 4
19 26 4
19 27 4
19 29 4
19 30 4
19 31 4
19 33 4
19 34 4
19 35 4
19 36 4
19 38 4
19 39 4
19 40 4
19 41 4
19 44 4
19 46 4
19 47 4
19 51 4
19 52 4
19 56 4
19 58 4
19 59 4
19 61 4
19 62 4
19 65 4
19 66 4
19 67 4
19 68 4
19 72 4
19 75 4
19 77 4
19 81 4
19 82 4
19 83 4
19 87 4
19 88 4
19 90 4
19 91 4
19 97 4
20 0 4
20 2 4
20 6 4
20 7 4
20 9 4
20 10 4
20 11 4
20 12 4
20 15 4
20 16 4
20 17 4
20 20 4
20 21 4
20 22 4
20 24 4
20 25 4
20 29 4
20 32 4
20 35 4
20 37 4
20 39 4
20 44 4
20 45 4
20 46 4
20 51 4
20 52 4
20 53 4
20 54 4
20 55 4
20 63 4
20 65 4
20 69 4
20 70 4
20 74 4
20 75 4
20 76 4
20 77 4
20 79 4
20 81 4
20 82 4
20 90 4
20 91 4
20 92 4
20 95 4
20 96 4
20 97 4
20 98 4
21 0 4
21 6 4
21 7 4
21 9 4
21 15 4
21 16 4
21 17 4
21 19 4
21 20 4
21 21 4
21 23 4
21 29 4
21 31 4
21 36 4
21 44 4
21 46 4
21 49 4
21 50 4
21 52 4
21 55 4
21 57 4
21 58 4
21 61 4
21 62 4
21 63 4
21 66 4
21 70 4
21 72 4
21 73 4
21 78 4
21 86 4
21 87 4
21 88 4
21 89 4
21 91 4
21 94 4
21 95 4
21 96 4
21 97 4
22 0 4
22 1 4
22 4 4
22 6 4
22 8 4
22 9 4
22 15 4
22 18 4
22 19 4
22 25 4
22 26 4
22 27 4
22 30 4
22 33 4
22 34 4
22 38 4
22 39 4
22 44 4
22 47 4
22 48 4
22 49 4
22 51 4
22 52 4
22 55 4
22 58 4
22 60 4
22 61 4
22 63 4
22 68 4
22 69 4
22 72 4
22 73 4
22 74 4
22 75 4
22 78 4
22 82 4
22 84 4
22 85 4
22 86 4
22 88 4
22 90 4
22 93 4
22 94 4
22 97 4
22 99 4
23 1 4
23 3 4
23 6 4
23 8 4
23 15 4
23 17 4
23 18 4
23 19 4
23 23 4
23 25 4
23 26 4
23 27 4
23 28 4
23 40 4
23 41 4
23 42 4
23 47 4
23 48 4
23 49 4
23 50 4
23 51 4
23 52 4
23 54 4
23 55 4
23 57 4
23 58 4
23 60 4
23 61 4
23 63 4
23 65 4
23 66 4
23 71 4
23 73 4
23 74 4
23 77 4
23 78 4
23 81 4
23 82 4
23 85 4
23 89 4
23 91 4
23 95 4
23 96 4
23 97 4
23 98 4
23 99 4
24 0 4
24 1 4
24 3 4
24 5 4
24 6 4
24 7 4
24 9 4
24 10 4
24 11 4
24 22 4
24 23 4
24 29 4
24 30 4
24 36 4
24 37 4
24 38 4
24 41 4
24 42 4
24 43 4
24 48 4
24 49 4
24 50 4
24 52 4
24 53 4
24 54 4
24 55 4
24 59 4
24 60 4
24 61 4
24 62 4
24 63 4
24 64 4
24 67 4
24 68 4
24 69 4
24 70 4
24 72 4
24 74 4
24 76 4
24 78 4
24 81 4
24 85 4
24 87 4
24 88 4
24 93 4
24 95 4
24 96 4
24 99 4
25 0 4
25 2 4
25 5 4
25 6 4
25 7 4
25 8 4
25 10 4
25 11 4
25 18 4
25 19 4
25 22 4
25 24 4
25 25 4
25 28 4
25 31 4
25 32 4
25 35 4
25 36 4
25 37 4
25 38 4
25 42 4
25 43 4
25 44 4
25 45 4
25 50 4
25 51 4
25 53 4
25 54 4
25 59 4
25 60 4
25 63 4
25 65 4
25 67 4
25 68 4
25 69 4
25 70 4
25 72 4
25 78 4
25 84 4
25 85 4
25 90 4
25 92 4
25 93 4
25 94 4
25 95 4
25 98 4
26 0 4
26 1 4
26 8 4
26 17 4
26 19 4
26 20 4
26 22 4
26 23 4
26 24 4
26 26 4
26 31 4
26 36 4
26 38 4
26 39 4
26 40 4
26 41 4
26 42 4
26 46 4
26 48 4
26 50 4
26 52 4
26 53 4
26 54 4
26 55 4
26 57 4
26 64 4
26 65 4
26 66 4
26 67 4
26 71 4
26 72 4
26 73 4
26 75 4
26 81 4
26 82 4
26 83 4
26 84 4
26 85 4
26 89 4
26 91 4
26 92 4
26 96 4
26 99 4
27 0 4
27 1 4
27 2 4
27 3 4
27 4 4
27 7 4
27 8 4
27 9 4
27 12 4
27 13 4
27 14 4
27 15 4
27 16 4
27 17 4
27 18 4
27 22 4
27 25 4
27 29 4
27 30 4
27 31 4
27 32 4
27 37 4
27 39 4
27 40 4
27 42 4
27 46 4
27 47 4
27 48 4
27 49 4
27 51 4
27 52 4
27 54 4
27 55 4
27 56 4
27 57 4
27 58 4
27 59 4
27 61 4
27 62 4
27 64 4
27 65 4
27 66 4
27 67 4
27 75 4
27 76 4
27 78 4
27 80 4
27 81 4
27 82 4
27 84 4
27 85 4
27 87 4
27 88 4
27 89 4
27 90 4
27 92 4
27 93 4
27 95 4
27 96 4
28 0 4
28 1 4
28 2 4
28 3 4
28 4 4
28 5 4
28 6 4
28 7 4
28 10 4
28 11 4
28 12 4
28 13 4
28 15 4
28 17 4
28 19 4
28 22 4
28 28 4
28 31 4
28 32 4
28 33 4
28 36 4
28 40 4
28 41 4
28 47 4
28 48 4
28 49 4
28 50 4
28 51 4
28 53 4
28 56 4
28 58 4
28 59 4
28 60 4
28 63 4
28 64 4
28 65 4
28 66 4
28 67 4
28 75 4
28 77 4
28 78 4
28 81 4
28 84 4
28 88 4
28 89 4
28 90 4
28 92 4
28 93 4
28 94 4
28 96 4
28 97 4
28 99 4
29 2 4
29 4 4
29 7 4
29 11 4
29 16 4
29 17 4
29 21 4
29 22 4
29 24 4
29 25 4
29 26 4
29 27 4
29 28 4
29 32 4
29 33 4
29 34 4
29 36 4
29 38 4
29 42 4
29 43 4
29 44 4
29 45 4
29 46 4
29 50 4
29 53 4
29 55 4
29 60 4
29 62 4
29 64 4
29 65 4
29 68 4
29 69 4
29 73 4
29 74 4
29 76 4
29 78 4
29 79 4
29 80 4
29 84 4
29 85 4
29 86 4
29 87 4
29 89 4
29 90 4
29 91 4
29 92 4
29 94 4
29 95 4
29 96 4
29 97 4
30 2 4
30 5 4
30 7 4
30 9 4
30 13 4
30 14 4
30 19 4
30 25 4
30 29 4
30 30 4
30 31 4
30 32 4
30 33 4
30 34 4
30 35 4
30 40 4
30 41 4
30 42 4
30 44 4
30 47 4
30 48 4
30 49 4
30 50 4
30 52 4
30 56 4
30 57 4
30 59 4
30 60 4
30 64 4
30 65 4
30 69 4
30 70 4
30 72 4
30 74 4
30 79 4
30 82 4
30 84 4
30 85 4
30 86 4
30 89 4
30 92 4
30 94 4
30 95 4
30 96 4
31 1 4
31 3 4
31 4 4
31 6 4
31 7 4
31 8 4
31 12 4
31 14 4
31 15 4
31 18 4
31 26 4
31 35 4
31 40 4
31 43 4
31 46 4
31 50 4
31 51 4
31 55 4
31 57 4
31 62 4
31 64 4
31 69 4
31 71 4
31 72 4
31 74 4
31 75 4
31 80 4
31 83 4
31 84 4
31 87 4
31 89 4
31 92 4
31 94 4
31 95 4
31 96 4
31 97 4
31 98 4
32 0 4
32 1 4
32 3 4
32 5 4
32 7 4
32 14 4
32 15 4
32 19 4
32 25 4
32 26 4
32 27 4
32 29 4
32 30 4
32 32 4
32 33 4
32 36 4
32 40 4
32 41 4
32 42 4
32 43 4
32 44 4
32 45 4
32 46 4
32 52 4
32 53 4
32 55 4
32 56 4
32 57 4
32 58 4
32 59 4
32 60 4
32 61 4
32 64 4
32 65 4
32 67 4
32 69 4
32 71 4
32 72 4
32 73 4
32 74 4
32 75 4
32 76 4
32 77 4
32 79 4
32 80 4
32 82 4
32 84 4
32 86 4
32 87 4
32 92 4
32 96 4
32 97 4
32 98 4
33 0 4
33 1 4
33 3 4
33 5 4
33 6 4
33 7 4
33 9 4
33 10 4
33 11 4
33 12 4
33 13 4
33 14 4
33 15 4
33 16 4
33 19 4
33 20 4
33 21 4
33 24 4
33 25 4
33 26 4
33 27 4
33 28 4
33 29 4
33 32 4
33 33 4
33 34 4
33 35 4
33 36 4
33 37 4
33 39 4
33 40 4
33 41 4
33 46 4
33 47 4
33 48 4
33 49 4
33 50 4
33 51 4
33 52 4
33 55 4
33 57 4
33 60 4
33 61 4
33 64 4
33 65 4
33 66 4
33 69 4
33 71 4
33 74 4
33 75 4
33 76 4
33 78 4
33 79 4
33 81 4
33 87 4
33 92 4
33 93 4
33 95 4
33 98 4
34 0 4
34 1 4
34 2 4
34 5 4
34 10 4
34 11 4
34 12 4
34 13 4
34 17 4
34 18 4
34 20 4
34 21 4
34 23 4
34 28 4
34 30 4
34 31 4
34 33 4
34 35 4
34 36 4
34 37 4
34 38 4
34 39 4
34 40 4
34 45 4
34 49 4
34 50 4
34 51 4
34 52 4
34 53 4
34 54 4
34 55 4
34 56 4
34 58 4
34 61 4
34 67 4
34 68 4
34 69 4
34 71 4
34 73 4
34 75 4
34 76 4
34 77 4
34 78 4
34 79 4
34 83 4
34 84 4
34 90 4
34 96 4
34 99 4
35 0 4
35 1 4
35 5 4
35 8 4
35 9 4
35 11 4
35 12 4
35 13 4
35 14 4
35 15 4
35 16 4
35 19 4
35 21 4
35 23 4
35 25 4
35 27 4
35 28 4
35 30 4
35 32 4
35 33 4
35 35 4
35 36 4
35 38 4
35 40 4
35 41 4
35 44 4
35 45 4
35 47 4
35 48 4
35 50 4
35 51 4
35 53 4
35 55 4
35 58 4
35 59 4
35 60 4
35 61 4
35 62 4
35 63 4
35 70 4
35 71 4
35 73 4
35 74 4
35 75 4
35 76 4
35 82 4
35 84 4
35 88 4
35 89 4
35 92 4
35 97 4
35 99 4
36 0 4
36 4 4
36 5 4
36 6 4
36 7 4
36 9 4
36 10 4
36 11 4
36 13 4
36 14 4
36 15 4
36 16 4
36 18 4
36 20 4
36 21 4
36 22 4
36 24 4
36 26 4
36 27 4
36 29 4
36 30 4
36 33 4
36 34 4
36 36 4
36 41 4
36 43 4
36 46 4
36 49 4
36 52 4
36 54 4
36 55 4
36 59 4
36 61 4
36 63 4
36 65 4
36 70 4
36 72 4
36 77 4
36 80 4
36 84 4
36 86 4
36 87 4
36 88 4
36 90 4
36 92 4
36 94 4
36 95 4
36 97 4
36 98 4
36 99 4
37 0 4
37 2 4
37 3 4
37 4 4
37 5 4
37 6 4
37 10 4
37 11 4
37 12 4
37 13 4
37 14 4
37 15 4
37 16 4
37 18 4
37 19 4
37 20 4
37 22 4
37 23 4
37 24 4
37 25 4
37 27 4
37 28 4
37 31 4
37 32 4
37 33 4
37 35 4
37 36 4
37 37 4
37 38 4
37 44 4
37 45 4
37 48 4
37 50 4
37 52 4
37 55 4
37 56 4
37 57 4
37 58 4
37 61 4
37 63 4
37 64 4
37 65 4
37 69 4
37 71 4
37 73 4
37 76 4
37 77 4
37 78 4
37 81 4
37 82 4
37 83 4
37 86 4
37 90 4
37 94 4
37 95 4
37 96 4
37 97 4
37 98 4
37 99 4
38 0 4
38 7 4
38 16 4
38 18 4
38 19 4
38 20 4
38 21 4
38 22 4
38 25 4
38 26 4
38 28 4
38 29 4
38 33 4
38 36 4
38 38 4
38 39 4
38 46 4
38 47 4
38 48 4
38 49 4
38 50 4
38 53 4
38 54 4
38 56 4
38 57 4
38 58 4
38 61 4
38 62 4
38 67 4
38 69 4
38 70 4
38 71 4
38 72 4
38 73 4
38 74 4
38 76 4
38 77 4
38 79 4
38 80 4
38 83 4
38 84 4
38 91 4
38 92 4
38 95 4
38 99 4
39 0 4
39 5 4
39 6 4
39 7 4
39 8 4
39 16 4
39 17 4
39 19 4
39 23 4
39 24 4
39 26 4
39 36 4
39 40 4
39 44 4
39 45 4
39 46 4
39 47 4
39 48 4
39 49 4
39 50 4
39 54 4
39 56 4
39 57 4
39 58 4
39 60 4
39 61 4
39 62 4
39 66 4
39 67 4
39 68 4
39 70 4
39 71 4
39 72 4
39 73 4
39 75 4
39 77 4
39 79 4
39 81 4
39 83 4
39 86 4
39 87 4
39 88 4
39 89 4
39 93 4
39 94 4
39 96 4
39 97 4
39 98 4
39 99 4
40 0 4
40 2 4
40 3 4
40 4 4
40 5 4
40 11 4
40 15 4
40 17 4
40 18 4
40 24 4
40 28 4
40 30 4
40 32 4
40 37 4
40 38 4
40 41 4
40 44 4
40 48 4
40 49 4
40 50 4
40 52 4
40 53 4
40 55 4
40 57 4
40 60 4
40 64 4
40 66 4
40 67 4
40 68 4
40 69 4
40 75 4
40 76 4
40 77 4
40 78 4
40 81 4
40 86 4
40 90 4
40 91 4
40 98 4
41 0 4
41 1 4
41 2 4
41 3 4
41 4 4
41 5 4
41 8 4
41 10 4
41 11 4
41 12 4
41 15 4
41 16 4
41 18 4
41 19 4
41 22 4
41 25 4
41 26 4
41 27 4
41 31 4
41 34 4
41 36 4
41 37 4
41 38 4
41 39 4
41 42 4
41 43 4
41 44 4
41 45 4
41 47 4
41 50 4
41 52 4
41 55 4
41 57 4
41 59 4
41 60 4
41 64 4
41 65 4
41 66 4
41 69 4
41 70 4
41 71 4
41 73 4
41 75 4
41 78 4
41 79 4
41 85 4
41 94 4
41 95 4
41 96 4
41 98 4
41 99 4
42 1 4
42 2 4
42 5 4
42 6 4
42 10 4
42 11 4
42 12 4
42 13 4
42 17 4
42 19 4
42 21 4
42 25 4
42 26 4
42 27 4
42 29 4
42 30 4
42 31 4
42 32 4
42 35 4
42 37 4
42 42 4
42 43 4
42 46 4
42 47 4
42 49 4
42 50 4
42 51 4
42 52 4
42 57 4
42 58 4
42 59 4
42 77 4
42 79 4
42 80 4
42 82 4
42 83 4
42 84 4
42 86 4
42 87 4
42 88 4
42 89 4
42 90 4
42 94 4
42 96 4
42 97 4
42 98 4
43 6 4
43 7 4
43 13 4
43 16 4
43 17 4
43 20 4
43 21 4
43 22 4
43 27 4
43 29 4
43 30 4
43 33 4
43 34 4
43 35 4
43 39 4
43 40 4
43 41 4
43 45 4
43 46 4
43 47 4
43 49 4
43 50 4
43 51 4
43 52 4
43 56 4
43 57 4
43 60 4
43 62 4
43 64 4
43 67 4
43 71 4
43 75 4
43 76 4
43 82 4
43 83 4
43 86 4
43 87 4
43 90 4
43 92 4
43 93 4
43 95 4
43 96 4
43 98 4
44 0 4
44 6 4
44 7 4
44 8 4
44 9 4
44 12 4
44 14 4
44 15 4
44 16 4
44 17 4
44 19 4
44 21 4
44 23 4
44 25 4
44 28 4
44 29 4
44 30 4
44 32 4
44 34 4
44 36 4
44 40 4
44 41 4
44 42 4
44 45 4
44 46 4
44 49 4
44 52 4
44 56 4
44 58 4
44 60 4
44 62 4
44 67 4
44 70 4
44 73 4
44 74 4
44 75 4
44 76 4
44 77 4
44 83 4
44 84 4
44 87 4
44 93 4
45 0 4
45 4 4
45 5 4
45 6 4
45 10 4
45 11 4
45 13 4
45 17 4
45 19 4
45 20 4
45 21 4
45 23 4
45 24 4
45 26 4
45 27 4
45 28 4
45 29 4
45 32 4
45 34 4
45 42 4
45 43 4
45 49 4
45 51 4
45 53 4
45 54 4
45 56 4
45 58 4
45 59 4
45 60 4
45 62 4
45 66 4
45 67 4
45 70 4
45 75 4
45 76 4
45 78 4
45 79 4
45 82 4
45 83 4
45 87 4
45 91 4
45 92 4
45 93 4
45 96 4
45 98 4
46 0 4
46 1 4
46 5 4
46 11 4
46 12 4
46 13 4
46 14 4
46 18 4
46 21 4
46 22 4
46 23 4
46 24 4
46 26 4
46 27 4
46 28 4
46 31 4
46 32 4
46 33 4
46 34 4
46 39 4
46 43 4
46 46 4
46 47 4
46 51 4
46 53 4
46 61 4
46 62 4
46 64 4
46 65 4
46 70 4
46 72 4
46 78 4
46 79 4
46 85 4
46 90 4
46 93 4
46 95 4
46 97 4
46 98 4
47 0 4
47 1 4
47 2 4
47 3 4
47 9 4
47 10 4
47 11 4
47 12 4
47 17 4
47 18 4
47 24 4
47 29 4
47 30 4
47 34 4
47 35 4
47 37 4
47 43 4
47 45 4
47 46 4
47 48 4
47 49 4
47 53 4
47 55 4
47 56 4
47 58 4
47 59 4
47 60 4
47 62 4
47 64 4
47 65 4
47 68 4
47 69 4
47 72 4
47 73 4
47 74 4
47 76 4
47 78 4
47 80 4
47 83 4
47 84 4
47 85 4
47 87 4
47 88 4
47 91 4
47 93 4
47 96 4
47 98 4
48 7 4
48 8 4
48 9 4
48 11 4
48 12 4
48 13 4
48 17 4
48 20 4
48 21 4
48 23 4
48 27 4
48 31 4
48 33 4
48 45 4
48 49 4
48 52 4
48 53 4
48 55 4
48 59 4
48 60 4
48 61 4
48 63 4
48 67 4
48 69 4
48 70 4
48 72 4
48 73 4
48 76 4
48 77 4
48 78 4
48 79 4
48 84 4
48 85 4
48 88 4
48 89 4
48 91 4
48 92 4
48 95 4
48 97 4
48 98 4
49 0 4
49 2 4
49 4 4
49 5 4
49 6 4
49 8 4
49 11 4
49 12 4
49 13 4
49 14 4
49 18 4
49 20 4
49 21 4
49 23 4
49 31 4
49 32 4
49 33 4
49 34 4
49 36 4
49 38 4
49 39 4
49 41 4
49 44 4
49 46 4
49 47 4
49 49 4
49 50 4
49 51 4
49 53 4
49 54 4
49 55 4
49 57 4
49 60 4
49 61 4
49 62 4
49 63 4
49 66 4
49 69 4
49 70 4
49 71 4
49 74 4
49 77 4
49 79 4
49 82 4
49 84 4
49 87 4
49 88 4
49 90 4
49 91 4
49 95 4
49 96 4
49 97 4
49 98 4
50 0 4
50 3 4
50 5 4
50 12 4
50 16 4
50 17 4
50 18 4
50 19 4
50 20 4
50 21 4
50 23 4
50 27 4
50 28 4
50 31 4
50 33 4
50 35 4
50 37 4
50 40 4
50 41 4
50 43 4
50 44 4
50 45 4
50 46 4
50 48 4
50 51 4
50 54 4
50 56 4
50 57 4
50 62 4
50 63 4
50 64 4
50 66 4
50 69 4
50 72 4
50 73 4
50 74 4
50 79 4
50 82 4
50 85 4
50 86 4
50 87 4
50 88 4
50 92 4
50 96 4
51 0 4
51 1 4
51 2 4
51 3 4
51 5 4
51 6 4
51 9 4
51 10 4
51 11 4
51 13 4
51 14 4
51 15 4
51 16 4
51 18 4
51 22 4
51 24 4
51 25 4
51 27 4
51 28 4
51 30 4
51 32 4
51 35 4
51 38 4
51 39 4
51 40 4
51 41 4
51 42 4
51 45 4
51 46 4
51 47 4
51 50 4
51 51 4
51 52 4
51 60 4
51 61 4
51 64 4
51 65 4
51 67 4
51 74 4
51 75 4
51 77 4
51 78 4
51 80 4
51 81 4
51 82 4
51 85 4
51 86 4
51 89 4
51 94 4
51 95 4
51 96 4
51 98 4
51 99 4
52 2 4
52 3 4
52 4 4
52 5 4
52 7 4
52 13 4
52 14 4
52 15 4
52 16 4
52 18 4
52 23 4
52 24 4
52 26 4
52 27 4
52 28 4
52 31 4
52 32 4
52 33 4
52 34 4
52 35 4
52 37 4
52 42 4
52 45 4
52 47 4
52 52 4
52 55 4
52 63 4
52 65 4
52 66 4
52 69 4
52 71 4
52 72 4
52 75 4
52 78 4
52 79 4
52 80 4
52 81 4
52 84 4
52 89 4
52 90 4
52 93 4
52 94 4
52 95 4
52 99 4
53 0 4
53 2 4
53 3 4
53 6 4
53 12 4
53 13 4
53 28 4
53 32 4
53 36 4
53 38 4
53 41 4
53 42 4
53 43 4
53 45 4
53 46 4
53 48 4
53 49 4
53 56 4
53 64 4
53 67 4
53 68 4
53 70 4
53 74 4
53 75 4
53 76 4
53 80 4
53 81 4
53 84 4
53 86 4
53 88 4
53 92 4
53 94 4
53 95 4
53 99 4
54 0 4
54 1 4
54 2 4
54 5 4
54 10 4
54 13 4
54 14 4
54 18 4
54 20 4
54 21 4
54 22 4
54 23 4
54 28 4
54 30 4
54 33 4
54 34 4
54 38 4
54 39 4
54 48 4
54 55 4
54 56 4
54 58 4
54 59 4
54 61 4
54 68 4
54 72 4
54 76 4
54 78 4
54 79 4
54 80 4
54 85 4
54 87 4
54 88 4
54 89 4
54 90 4
54 92 4
54 93 4
54 94 4
54 95 4
54 98 4
54 99 4
55 7 4
55 8 4
55 18 4
55 20 4
55 23 4
55 26 4
55 27 4
55 30 4
55 31 4
55 34 4
55 35 4
55 37 4
55 40 4
55 41 4
55 43 4
55 44 4
55 50 4
55 53 4
55 54 4
55 56 4
55 59 4
55 63 4
55 64 4
55 65 4
55 68 4
55 70 4
55 73 4
55 74 4
55 76 4
55 77 4
55 80 4
55 81 4
55 84 4
55 87 4
55 88 4
55 92 4
55 93 4
55 94 4
55 95 4
55 98 4
55 99 4
56 0 4
56 2 4
56 5 4
56 7 4
56 10 4
56 12 4
56 13 4
56 15 4
56 19 4
56 20 4
56 21 4
56 22 4
56 23 4
56 24 4
56 25 4
56 26 4
56 30 4
56 32 4
56 34 4
56 36 4
56 37 4
56 38 4
56 40 4
56 41 4
56 42 4
56 44 4
56 45 4
56 46 4
56 48 4
56 52 4
56 55 4
56 59 4
56 60 4
56 61 4
56 66 4
56 69 4
56 70 4
56 71 4
56 72 4
56 75 4
56 80 4
56 87 4
56 89 4
56 92 4
56 93 4
56 94 4
56 97 4
57 0 4
57 1 4
57 2 4
57 5 4
57 6 4
57 7 4
57 10 4
57 13 4
57 14 4
57 15 4
57 16 4
57 17 4
57 18 4
57 19 4
57 27 4
57 28 4
57 29 4
57 30 4
57 31 4
57 32 4
57 36 4
57 37 4
57 40 4
57 44 4
57 45 4
57 46 4
57 48 4
57 49 4
57 50 4
57 53 4
57 55 4
57 59 4
57 60 4
57 61 4
57 62 4
57 66 4
57 67 4
57 71 4
57 72 4
57 73 4
57 74 4
57 76 4
57 77 4
57 79 4
57 80 4
57 82 4
57 83 4
57 84 4
57 87 4
57 90 4
57 91 4
57 92 4
57 93 4
57 94 4
57 97 4
57 99 4
58 1 4
58 2 4
58 4 4
58 5 4
58 7 4
58 10 4
58 11 4
58 14 4
58 15 4
58 16 4
58 19 4
58 22 4
58 27 4
58 28 4
58 29 4
58 30 4
58 32 4
58 33 4
58 35 4
58 37 4
58 39 4
58 40 4
58 44 4
58 48 4
58 49 4
58 53 4
58 54 4
58 56 4
58 59 4
58 61 4
58 63 4
58 66 4
58 73 4
58 75 4
58 88 4
58 89 4
58 90 4
58 91 4
58 96 4
58 97 4
59 0 4
59 1 4
59 2 4
59 4 4
59 5 4
59 6 4
59 12 4
59 16 4
59 19 4
59 20 4
59 22 4
59 24 4
59 28 4
59 30 4
59 31 4
59 33 4
59 35 4
59 37 4
59 40 4
59 41 4
59 42 4
59 43 4
59 45 4
59 49 4
59 50 4
59 51 4
59 53 4
59 54 4
59 57 4
59 59 4
59 65 4
59 68 4
59 69 4
59 73 4
59 74 4
59 75 4
59 78 4
59 82 4
59 83 4
59 84 4
59 89 4
59 90 4
59 93 4
59 94 4
59 96 4
59 99 4
60 1 4
60 3 4
60 4 4
60 8 4
60 11 4
60 12 4
60 18 4
60 19 4
60 20 4
60 21 4
60 22 4
60 23 4
60 24 4
60 25 4
60 26 4
60 28 4
60 32 4
60 33 4
60 35 4
60 36 4
60 37 4
60 38 4
60 40 4
60 41 4
60 43 4
60 45 4
60 46 4
60 48 4
60 49 4
60 52 4
60 53 4
60 54 4
60 57 4
60 62 4
60 68 4
60 69 4
60 70 4
60 71 4
60 74 4
60 78 4
60 79 4
60 80 4
60 92 4
60 93 4
60 94 4
60 95 4
60 96 4
60 97 4
61 1 4
61 4 4
61 6 4
61 7 4
61 8 4
61 9 4
61 14 4
61 16 4
61 17 4
61 18 4
61 21 4
61 23 4
61 24 4
61 25 4
61 28 4
61 37 4
61 40 4
61 41 4
61 42 4
61 44 4
61 45 4
61 49 4
61 52 4
61 55 4
61 56 4
61 57 4
61 58 4
61 62 4
61 63 4
61 64 4
61 65 4
61 66 4
61 68 4
61 69 4
61 73 4
61 80 4
61 86 4
61 88 4
61 90 4
61 95 4
61 98 4
62 0 4
62 4 4
62 5 4
62 9 4
62 12 4
62 13 4
62 15 4
62 17 4
62 21 4
62 22 4
62 23 4
62 24 4
62 29 4
62 30 4
62 31 4
62 34 4
62 35 4
62 39 4
62 40 4
62 41 4
62 43 4
62 44 4
62 46 4
62 47 4
62 49 4
62 51 4
62 54 4
62 57 4
62 63 4
62 65 4
62 68 4
62 70 4
62 74 4
62 75 4
62 79 4
62 81 4
62 88 4
62 90 4
62 93 4
62 98 4
62 99 4
63 1 4
63 5 4
63 8 4
63 13 4
63 20 4
63 21 4
63 23 4
63 24 4
63 25 4
63 26 4
63 31 4
63 32 4
63 34 4
63 35 4
63 39 4
63 40 4
63 43 4
63 47 4
63 49 4
63 51 4
63 53 4
63 54 4
63 57 4
63 58 4
63 61 4
63 63 4
63 64 4
63 66 4
63 67 4
63 68 4
63 70 4
63 71 4
63 72 4
63 74 4
63 75 4
63 76 4
63 77 4
63 78 4
63 79 4
63 80 4
63 81 4
63 82 4
63 86 4
63 91 4
63 94 4
63 96 4
63 97 4
63 99 4
64 0 4
64 1 4
64 2 4
64 3 4
64 6 4
64 7 4
64 10 4
64 11 4
64 14 4
64 15 4
64 16 4
64 17 4
64 19 4
64 20 4
64 24 4
64 27 4
64 28 4
64 29 4
64 32 4
64 33 4
64 34 4
64 35 4
64 38 4
64 39 4
64 40 4
64 43 4
64 45 4
64 48 4
64 49 4
64 51 4
64 52 4
64 54 4
64 57 4
64 59 4
64 63 4
64 65 4
64 66 4
64 70 4
64 72 4
64 77 4
64 78 4
64 79 4
64 80 4
64 85 4
64 86 4
64 89 4
64 92 4
64 93 4
64 94 4
64 95 4
64 96 4
64 97 4
64 98 4
65 1 4
65 3 4
65 7 4
65 10 4
65 12 4
65 14 4
65 17 4
65 18 4
65 19 4
65 22 4
65 24 4
65 29 4
65 35 4
65 38 4
65 39 4
65 41 4
65 46 4
65 48 4
65 50 4
65 51 4
65 52 4
65 54 4
65 57 4
65 60 4
65 62 4
65 63 4
65 64 4
65 68 4
65 69 4
65 70 4
65 73 4
65 74 4
65 79 4
65 80 4
65 81 4
65 82 4
65 84 4
65 89 4
65 92 4
65 96 4
65 97 4
65 98 4
66 1 4
66 11 4
66 14 4
66 17 4
66 18 4
66 19 4
66 21 4
66 22 4
66 24 4
66 25 4
66 27 4
66 28 4
66 33 4
66 36 4
66 37 4
66 41 4
66 44 4
66 46 4
66 50 4
66 51 4
66 58 4
66 64 4
66 65 4
66 67 4
66 69 4
66 70 4
66 72 4
66 78 4
66 79 4
66 81 4
66 85 4
66 88 4
66 89 4
66 90 4
66 91 4
66 92 4
66 95 4
66 99 4
67 1 4
67 3 4
67 4 4
67 5 4
67 6 4
67 8 4
67 10 4
67 11 4
67 12 4
67 13 4
67 14 4
67 19 4
67 20 4
67 21 4
67 22 4
67 26 4
67 27 4
67 28 4
67 34 4
67 36 4
67 38 4
67 39 4
67 41 4
67 44 4
67 45 4
67 46 4
67 47 4
67 49 4
67 53 4
67 55 4
67 56 4
67 58 4
67 59 4
67 60 4
67 66 4
67 67 4
67 72 4
67 73 4
67 74 4
67 75 4
67 78 4
67 79 4
67 81 4
67 83 4
67 85 4
67 88 4
67 89 4
67 90 4
67 91 4
67 93 4
67 95 4
67 98 4
67 99 4
68 0 4
68 1 4
68 2 4
68 3 4
68 4 4
68 5 4
68 7 4
68 8 4
68 9 4
68 10 4
68 14 4
68 15 4
68 18 4
68 20 4
68 22 4
68 24 4
68 26 4
68 27 4
68 28 4
68 29 4
68 30 4
68 33 4
68 34 4
68 35 4
68 38 4
68 42 4
68 43 4
68 47 4
68 49 4
68 53 4
68 56 4
68 57 4
68 58 4
68 59 4
68 67 4
68 69 4
68 71 4
68 72 4
68 74 4
68 75 4
68 76 4
68 78 4
68 79 4
68 81 4
68 83 4
68 89 4
68 91 4
68 93 4
68 94 4
68 96 4
68 97 4
69 0 4
69 1 4
69 2 4
69 7 4
69 8 4
69 12 4
69 13 4
69 21 4
69 27 4
69 29 4
69 30 4
69 31 4
69 34 4
69 35 4
69 36 4
69 37 4
69 43 4
69 47 4
69 48 4
69 49 4
69 53 4
69 56 4
69 57 4
69 58 4
69 63 4
69 66 4
69 67 4
69 69 4
69 70 4
69 71 4
69 75 4
69 77 4
69 78 4
69 81 4
69 83 4
69 87 4
69 88 4
69 90 4
69 94 4
69 95 4
69 96 4
69 97 4
70 2 4
70 6 4
70 7 4
70 8 4
70 10 4
70 12 4
70 14 4
70 22 4
70 25 4
70 26 4
70 27 4
70 34 4
70 35 4
70 36 4
70 37 4
70 39 4
70 40 4
70 42 4
70 44 4
70 46 4
70 47 4
70 55 4
70 59 4
70 61 4
70 62 4
70 63 4
70 65 4
70 66 4
70 73 4
70 81 4
70 82 4
70 83 4
70 84 4
70 86 4
70 88 4
70 90 4
70 96 4
70 98 4
70 99 4
71 0 4
71 6 4
71 7 4
71 9 4
71 10 4
71 14 4
71 15 4
71 20 4
71 24 4
71 25 4
71 26 4
71 27 4
71 29 4
71 30 4
71 31 4
71 33 4
71 36 4
71 39 4
71 40 4
71 45 4
71 47 4
71 54 4
71 57 4
71 58 4
71 60 4
71 67 4
71 69 4
71 70 4
71 71 4
71 73 4
71 74 4
71 75 4
71 78 4
71 80 4
71 81 4
71 85 4
71 87 4
71 89 4
71 90 4
71 91 4
71 92 4
71 98 4
71 99 4
72 0 4
72 3 4
72 5 4
72 6 4
72 11 4
72 14 4
72 15 4
72 16 4
72 19 4
72 20 4
72 24 4
72 28 4
72 31 4
72 33 4
72 35 4
72 39 4
72 44 4
72 47 4
72 48 4
72 49 4
72 50 4
72 52 4
72 55 4
72 57 4
72 60 4
72 61 4
72 63 4
72 69 4
72 70 4
72 73 4
72 74 4
72 75 4
72 80 4
72 81 4
72 82 4
72 83 4
72 85 4
72 87 4
72 89 4
72 90 4
72 93 4
72 94 4
72 95 4
72 98 4
73 0 4
73 3 4
73 7 4
73 8 4
73 9 4
73 11 4
73 13 4
73 18 4
73 20 4
73 22 4
73 23 4
73 25 4
73 28 4
73 29 4
73 30 4
73 31 4
73 33 4
73 34 4
73 36 4
73 37 4
73 38 4
73 39 4
73 43 4
73 44 4
73 47 4
73 49 4
73 56 4
73 57 4
73 60 4
73 61 4
73 64 4
73 65 4
73 67 4
73 68 4
73 69 4
73 72 4
73 73 4
73 79 4
73 81 4
73 86 4
73 87 4
73 91 4
73 93 4
73 94 4
73 97 4
74 0 4
74 3 4
74 5 4
74 7 4
74 11 4
74 12 4
74 13 4
74 18 4
74 19 4
74 22 4
74 23 4
74 24 4
74 26 4
74 27 4
74 29 4
74 31 4
74 32 4
74 33 4
74 35 4
74 42 4
74 43 4
74 44 4
74 57 4
74 58 4
74 62 4
74 64 4
74 65 4
74 67 4
74 68 4
74 69 4
74 70 4
74 72 4
74 76 4
74 77 4
74 85 4
74 90 4
74 93 4
74 94 4
74 95 4
74 96 4
75 5 4
75 11 4
75 15 4
75 16 4
75 17 4
75 21 4
75 22 4
75 23 4
75 24 4
75 31 4
75 32 4
75 33 4
75 36 4
75 38 4
75 39 4
75 40 4
75 41 4
75 42 4
75 46 4
75 49 4
75 50 4
75 52 4
75 55 4
75 56 4
75 59 4
75 60 4
75 61 4
75 62 4
75 65 4
75 67 4
75 70 4
75 71 4
75 72 4
75 73 4
75 76 4
75 82 4
75 92 4
75 93 4
75 99 4
76 1 4
76 3 4
76 4 4
76 5 4
76 8 4
76 9 4
76 10 4
76 11 4
76 17 4
76 22 4
76 25 4
76 26 4
76 29 4
76 34 4
76 35 4
76 36 4
76 40 4
76 41 4
76 42 4
76 44 4
76 45 4
76 49 4
76 53 4
76 55 4
76 57 4
76 59 4
76 61 4
76 62 4
76 63 4
76 64 4
76 65 4
76 71 4
76 76 4
76 80 4
76 81 4
76 83 4
76 86 4
76 90 4
76 93 4
76 94 4
76 95 4
76 96 4
76 97 4
76 98 4
76 99 4
77 1 4
77 3 4
77 5 4
77 8 4
77 13 4
77 14 4
77 15 4
77 18 4
77 19 4
77 20 4
77 22 4
77 23 4
77 24 4
77 27 4
77 28 4
77 29 4
77 30 4
77 31 4
77 32 4
77 37 4
77 38 4
77 40 4
77 41 4
77 42 4
77 43 4
77 46 4
77 53 4
77 54 4
77 57 4
77 59 4
77 60 4
77 62 4
77 63 4
77 64 4
77 65 4
77 66 4
77 68 4
77 77 4
77 78 4
77 83 4
77 84 4
77 91 4
77 94 4
77 96 4
77 97 4
77 99 4
78 2 4
78 3 4
78 12 4
78 14 4
78 16 4
78 18 4
78 19 4
78 20 4
78 21 4
78 22 4
78 23 4
78 29 4
78 30 4
78 33 4
78 34 4
78 36 4
78 40 4
78 41 4
78 43 4
78 44 4
78 46 4
78 49 4
78 50 4
78 52 4
78 55 4
78 56 4
78 57 4
78 59 4
78 61 4
78 63 4
78 64 4
78 65 4
78 67 4
78 68 4
78 71 4
78 74 4
78 77 4
78 78 4
78 80 4
78 87 4
78 88 4
78 90 4
78 91 4
78 93 4
78 94 4
78 96 4
78 97 4
78 98 4
78 99 4
79 0 4
79 3 4
79 4 4
79 5 4
79 8 4
79 9 4
79 12 4
79 15 4
79 16 4
79 17 4
79 18 4
79 20 4
79 28 4
79 29 4
79 33 4
79 34 4
79 35 4
79 38 4
79 39 4
79 40 4
79 44 4
79 45 4
79 46 4
79 49 4
79 50 4
79 52 4
79 53 4
79 54 4
79 60 4
79 63 4
79 64 4
79 65 4
79 69 4
79 70 4
79 71 4
79 73 4
79 74 4
79 75 4
79 77 4
79 78 4
79 84 4
79 85 4
79 86 4
79 91 4
79 95 4
79 96 4
80 0 4
80 6 4
80 7 4
80 8 4
80 11 4
80 15 4
80 18 4
80 21 4
80 23 4
80 24 4
80 25 4
80 27 4
80 28 4
80 31 4
80 32 4
80 36 4
80 37 4
80 39 4
80 40 4
80 42 4
80 43 4
80 45 4
80 47 4
80 49 4
80 50 4
80 53 4
80 56 4
80 58 4
80 60 4
80 64 4
80 65 4
80 66 4
80 69 4
80 70 4
80 71 4
80 72 4
80 82 4
80 84 4
80 90 4
80 92 4
80 94 4
80 99 4
81 0 4
81 4 4
81 5 4
81 7 4
81 8 4
81 9 4
81 11 4
81 14 4
81 15 4
81 20 4
81 24 4
81 25 4
81 26 4
81 27 4
81 29 4
81 30 4
81 35 4
81 38 4
81 43 4
81 44 4
81 45 4
81 46 4
81 47 4
81 48 4
81 49 4
81 50 4
81 53 4
81 54 4
81 55 4
81 56 4
81 57 4
81 58 4
81 62 4
81 63 4
81 64 4
81 68 4
81 72 4
81 73 4
81 74 4
81 75 4
81 76 4
81 77 4
81 82 4
81 86 4
81 88 4
81 89 4
81 90 4
81 93 4
81 95 4
81 98 4
82 1 4
82 3 4
82 4 4
82 5 4
82 8 4
82 12 4
82 13 4
82 14 4
82 20 4
82 21 4
82 24 4
82 25 4
82 27 4
82 30 4
82 33 4
82 34 4
82 35 4
82 36 4
82 38 4
82 41 4
82 44 4
82 50 4
82 54 4
82 55 4
82 56 4
82 60 4
82 61 4
82 63 4
82 64 4
82 65 4
82 66 4
82 67 4
82 70 4
82 73 4
82 74 4
82 80 4
82 81 4
82 82 4
82 83 4
82 86 4
82 87 4
82 89 4
82 90 4
82 95 4
82 96 4
82 98 4
82 99 4
83 0 4
83 1 4
83 4 4
83 9 4
83 12 4
83 17 4
83 18 4
83 20 4
83 21 4
83 23 4
83 26 4
83 27 4
83 32 4
83 33 4
83 39 4
83 43 4
83 47 4
83 48 4
83 49 4
83 50 4
83 52 4
83 55 4
83 56 4
83 59 4
83 60 4
83 61 4
83 62 4
83 63 4
83 66 4
83 67 4
83 68 4
83 70 4
83 73 4
83 74 4
83 78 4
83 79 4
83 84 4
83 85 4
83 86 4
83 87 4
83 89 4
83 90 4
83 92 4
83 95 4
83 96 4
83 97 4
83 98 4
84 0 4
84 1 4
84 2 4
84 4 4
84 5 4
84 6 4
84 7 4
84 11 4
84 14 4
84 15 4
84 17 4
84 18 4
84 21 4
84 23 4
84 24 4
84 25 4
84 27 4
84 32 4
84 33 4
84 39 4
84 44 4
84 49 4
84 53 4
84 56 4
84 57 4
84 58 4
84 59 4
84 62 4
84 66 4
84 67 4
84 68 4
84 70 4
84 72 4
84 73 4
84 75 4
84 78 4
84 79 4
84 80 4
84 85 4
84 86 4
84 87 4
84 90 4
84 91 4
84 92 4
84 94 4
84 95 4
84 97 4
84 98 4
84 99 4
85 0 4
85 2 4
85 3 4
85 6 4
85 7 4
85 12 4
85 15 4
85 16 4
85 18 4
85 22 4
85 23 4
85 24 4
85 28 4
85 30 4
85 31 4
85 32 4
85 33 4
85 34 4
85 38 4
85 39 4
85 42 4
85 44 4
85 45 4
85 49 4
85 50 4
85 54 4
85 55 4
85 56 4
85 58 4
85 60 4
85 61 4
85 65 4
85 77 4
85 79 4
85 82 4
85 83 4
85 84 4
85 86 4
85 87 4
85 90 4
85 92 4
85 96 4
85 97 4
85 98 4
85 99 4
86 0 4
86 2 4
86 4 4
86 10 4
86 11 4
86 12 4
86 14 4
86 15 4
86 16 4
86 17 4
86 19 4
86 21 4
86 24 4
86 28 4
86 33 4
86 35 4
86 36 4
86 38 4
86 43 4
86 44 4
86 45 4
86 50 4
86 51 4
86 52 4
86 53 4
86 54 4
86 55 4
86 56 4
86 58 4
86 61 4
86 63 4
86 64 4
86 65 4
86 67 4
86 68 4
86 69 4
86 75 4
86 78 4
86 80 4
86 84 4
86 85 4
86 87 4
86 89 4
86 90 4
86 91 4
86 93 4
86 94 4
86 95 4
86 98 4
86 99 4
87 1 4
87 5 4
87 6 4
87 8 4
87 10 4
87 14 4
87 16 4
87 17 4
87 18 4
87 19 4
87 20 4
87 21 4
87 22 4
87 25 4
87 28 4
87 38 4
87 39 4
87 41 4
87 43 4
87 46 4
87 48 4
87 49 4
87 52 4
87 54 4
87 55 4
87 56 4
87 57 4
87 58 4
87 60 4
87 62 4
87 63 4
87 68 4
87 69 4
87 71 4
87 72 4
87 75 4
87 76 4
87 80 4
87 82 4
87 84 4
87 85 4
87 86 4
87 87 4
87 90 4
87 93 4
87 95 4
87 96 4
87 97 4
87 98 4
87 99 4
88 0 4
88 1 4
88 3 4
88 4 4
88 6 4
88 8 4
88 15 4
88 16 4
88 19 4
88 22 4
88 24 4
88 25 4
88 30 4
88 35 4
88 40 4
88 46 4
88 50 4
88 53 4
88 55 4
88 57 4
88 58 4
88 60 4
88 61 4
88 62 4
88 65 4
88 68 4
88 69 4
88 71 4
88 76 4
88 79 4
88 80 4
88 81 4
88 82 4
88 86 4
88 87 4
88 88 4
88 93 4
88 97 4
88 98 4
88 99 4
89 1 4
89 2 4
89 3 4
89 4 4
89 5 4
89 6 4
89 8 4
89 10 4
89 11 4
89 12 4
89 13 4
89 14 4
89 15 4
89 25 4
89 27 4
89 33 4
89 35 4
89 37 4
89 38 4
89 40 4
89 41 4
89 43 4
89 44 4
89 45 4
89 48 4
89 53 4
89 54 4
89 61 4
89 62 4
89 65 4
89 67 4
89 69 4
89 70 4
89 73 4
89 76 4
89 80 4
89 90 4
89 93 4
89 94 4
89 95 4
90 0 4
90 2 4
90 4 4
90 5 4
90 6 4
90 7 4
90 8 4
90 9 4
90 10 4
90 14 4
90 16 4
90 17 4
90 19 4
90 22 4
90 24 4
90 32 4
90 36 4
90 37 4
90 38 4
90 40 4
90 41 4
90 45 4
90 47 4
90 49 4
90 52 4
90 53 4
90 56 4
90 58 4
90 59 4
90 62 4
90 63 4
90 64 4
90 65 4
90 66 4
90 67 4
90 69 4
90 70 4
90 75 4
90 81 4
90 82 4
90 88 4
90 94 4
90 95 4
90 97 4
90 98 4
91 4 4
91 7 4
91 8 4
91 10 4
91 11 4
91 12 4
91 13 4
91 15 4
91 21 4
91 22 4
91 23 4
91 24 4
91 28 4
91 29 4
91 32 4
91 35 4
91 36 4
91 37 4
91 38 4
91 40 4
91 42 4
91 43 4
91 44 4
91 48 4
91 51 4
91 53 4
91 58 4
91 59 4
91 61 4
91 62 4
91 64 4
91 65 4
91 69 4
91 70 4
91 73 4
91 74 4
91 80 4
91 81 4
91 83 4
91 84 4
91 90 4
91 92 4
91 99 4
92 0 4
92 1 4
92 3 4
92 5 4
92 9 4
92 10 4
92 11 4
92 12 4
92 13 4
92 15 4
92 17 4
92 18 4
92 23 4
92 27 4
92 28 4
92 30 4
92 33 4
92 39 4
92 43 4
92 47 4
92 48 4
92 51 4
92 53 4
92 54 4
92 55 4
92 58 4
92 60 4
92 61 4
92 63 4
92 64 4
92 65 4
92 69 4
92 70 4
92 72 4
92 73 4
92 76 4
92 77 4
92 79 4
92 82 4
92 84 4
92 85 4
92 87 4
92 88 4
92 90 4
92 92 4
92 93 4
92 94 4
92 95 4
93 0 4
93 1 4
93 3 4
93 7 4
93 9 4
93 10 4
93 16 4
93 18 4
93 23 4
93 24 4
93 25 4
93 26 4
93 32 4
93 40 4
93 47 4
93 49 4
93 52 4
93 54 4
93 57 4
93 58 4
93 59 4
93 62 4
93 63 4
93 65 4
93 71 4
93 72 4
93 75 4
93 79 4
93 80 4
93 82 4
93 84 4
93 86 4
93 88 4
93 92 4
93 93 4
93 94 4
93 97 4
93 98 4
93 99 4
94 2 4
94 4 4
94 12 4
94 13 4
94 14 4
94 16 4
94 17 4
94 18 4
94 20 4
94 21 4
94 22 4
94 23 4
94 25 4
94 26 4
94 27 4
94 28 4
94 30 4
94 33 4
94 37 4
94 39 4
94 40 4
94 41 4
94 42 4
94 43 4
94 47 4
94 52 4
94 56 4
94 57 4
94 67 4
94 68 4
94 70 4
94 71 4
94 72 4
94 77 4
94 78 4
94 80 4
94 81 4
94 82 4
94 91 4
94 93 4
94 94 4
94 98 4
94 99 4
95 0 4
95 1 4
95 2 4
95 5 4
95 6 4
95 7 4
95 8 4
95 10 4
95 11 4
95 12 4
95 13 4
95 19 4
95 22 4
95 23 4
95 27 4
95 28 4
95 29 4
95 35 4
95 36 4
95 38 4
95 41 4
95 42 4
95 46 4
95 47 4
95 49 4
95 53 4
95 55 4
95 57 4
95 59 4
95 60 4
95 61 4
95 66 4
95 68 4
95 69 4
95 70 4
95 72 4
95 75 4
95 77 4
95 80 4
95 81 4
95 82 4
95 84 4
95 87 4
95 89 4
95 94 4
95 95 4
95 99 4
96 1 4
96 4 4
96 5 4
96 6 4
96 9 4
96 10 4
96 14 4
96 15 4
96 18 4
96 19 4
96 21 4
96 28 4
96 29 4
96 30 4
96 33 4
96 37 4
96 39 4
96 44 4
96 45 4
96 46 4
96 47 4
96 50 4
96 51 4
96 57 4
96 59 4
96 61 4
96 62 4
96 63 4
96 64 4
96 65 4
96 66 4
96 71 4
96 73 4
96 75 4
96 76 4
96 78 4
96 79 4
96 80 4
96 82 4
96 85 4
96 86 4
96 87 4
96 94 4
96 95 4
96 98 4
96 99 4
97 1 4
97 2 4
97 7 4
97 8 4
97 20 4
97 21 4
97 24 4
97 25 4
97 29 4
97 32 4
97 33 4
97 37 4
97 38 4
97 40 4
97 43 4
97 44 4
97 49 4
97 51 4
97 53 4
97 54 4
97 55 4
97 66 4
97 69 4
97 70 4
97 79 4
97 83 4
97 84 4
97 89 4
97 90 4
97 91 4
97 94 4
97 95 4
98 1 4
98 2 4
98 5 4
98 6 4
98 7 4
98 13 4
98 16 4
98 23 4
98 26 4
98 27 4
98 30 4
98 31 4
98 33 4
98 35 4
98 37 4
98 38 4
98 43 4
98 44 4
98 46 4
98 47 4
98 48 4
98 49 4
98 52 4
98 53 4
98 55 4
98 59 4
98 62 4
98 63 4
98 64 4
98 65 4
98 66 4
98 72 4
98 73 4
98 80 4
98 81 4
98 82 4
98 84 4
98 87 4
98 88 4
98 89 4
98 93 4
98 94 4
98 97 4
99 0 4
99 1 4
99 3 4
99 5 4
99 6 4
99 7 4
99 8 4
99 9 4
99 10 4
99 13 4
99 15 4
99 16 4
99 20 4
99 24 4
99 26 4
99 28 4
99 30 4
99 32 4
99 33 4
99 37 4
99 38 4
99 39 4
99 40 4
99 41 4
99 42 4
99 43 4
99 45 4
99 46 4
99 50 4
99 53 4
99 54 4
99 55 4
99 56 4
99 59 4
99 62 4
99 65 4
99 69 4
99 74 4
99 76 4
99 78 4
99 80 4
99 85 4
99 86 4
99 87 4
99 88 4
99 89 4
99 90 4
99 91 4
99 93 4
99 97 4
